0.0,0.0,1.0,0.0,1.0,0.0,-1.0,0.0,0.0,0.0,0.0,0.5,0
0.0,0.0,1.0,0.0,1.0,0.0,-1.0,0.0,0.0,0.0,0.0,0.5,0
0.0,0.0,1.0,0.0,1.0,0.0,-1.0,0.0,0.0,1.349176510831122e-09,-1.2650235893570812e-09,0.49999999950784774,0
0.0,0.0,1.0,0.0,1.0,0.0,-1.0,0.0,0.0,1.0783091364681696e-08,-1.011051173290285e-08,0.4999999960665465,0
0.0,0.0,1.0,0.0,1.0,0.0,-1.0,0.0,0.0,3.635811869307959e-08,-3.409033394974917e-08,0.4999999867372942,0
0.0,0.0,1.0,0.0,1.0,0.0,-1.0,0.0,0.0,8.609972575828595e-08,-8.072938066073449e-08,0.4999999685925627,0
0.0,0.0,1.0,0.0,1.0,0.0,-1.0,0.0,0.0,1.6800251245089165e-07,-1.575236002224152e-07,0.4999999387160837,0
0.0,0.0,1.0,0.0,1.0,0.0,-1.0,0.0,0.0,2.9003025078741397e-07,-2.719400359610571e-07,0.4999998942028346,0
-5.415507390148564e-07,1.3074274849569977e-06,0.9999999999989987,5.415514470596657e-07,0.9999999999989987,-1.3074271916768825e-06,-0.9999999999997067,5.415507390148564e-07,-5.415514470596657e-07,4.601155969345817e-07,-4.314171185454793e-07,0.4999998321587819,0
-8.076036353806081e-07,1.949740829531345e-06,0.9999999999977731,8.076052099928316e-07,0.9999999999977731,-1.9497401773092705e-06,-0.9999999999993477,8.076036353806081e-07,-8.076052099928316e-07,6.861610398094121e-07,-6.433639941715418e-07,0.4999997497015377,0
-1.1487853226162101e-06,2.773433192313567e-06,0.9999999999954942,1.1487885086808997e-06,0.9999999999954942,-2.7734318726097756e-06,-0.9999999999986803,1.1487853226162101e-06,-1.1487885086808997e-06,9.760378335967321e-07,-9.151614247353748e-07,0.49999964395952906,0
-1.5743241758396437e-06,3.8007845908720733e-06,0.9999999999915378,1.574330159503046e-06,0.9999999999915378,-3.8007821123714633e-06,-0.9999999999975215,1.5743241758396437e-06,-1.574330159503046e-06,1.3375866297071558e-06,-1.2541613629111421e-06,0.49999951207242,0
-2.09341243282737e-06,5.053988041513713e-06,0.9999999999850374,2.093423012961549e-06,0.9999999999850374,-5.053983659103265e-06,-0.9999999999956176,2.09341243282737e-06,-2.093423012961549e-06,1.7786173698615314e-06,-1.6676871033463552e-06,0.4999993511909896,0
-2.7152062210204138e-06,6.555149679584823e-06,0.9999999999748288,2.715224019650881e-06,0.9999999999748288,-6.555142307192108e-06,-0.9999999999926276,2.7152062210204138e-06,-2.715224019650881e-06,2.306909307567545e-06,-2.1630333337463593e-06,0.4999991584771041,0
-3.448825582373141e-06,8.326288880665013e-06,0.9999999999593893,3.4488542983835015e-06,0.9999999999593893,-8.326276986170885e-06,-0.9999999999881055,3.448825582373141e-06,-3.4488542983835015e-06,2.9302110276008583e-06,-2.7474661875142894e-06,0.49999893110368776,0
-4.303354496660928e-06,1.0389338382398172e-05,0.9999999999367714,4.303399205855969e-06,0.9999999999367714,-1.0389319863347258e-05,-0.9999999999814809,4.303354496660928e-06,-4.303399205855969e-06,3.656240464060779e-06,-3.4282232975019104e-06,0.49999866625469275,0
-5.2878409026987886e-06,1.2766144407187322e-05,0.9999999999045321,5.287908408403069e-06,0.9999999999045321,-1.2766116445566154e-05,-0.9999999999720384,5.2878409026987886e-06,-5.287908408403069e-06,4.492684916493644e-06,-4.212513851266359e-06,0.49999836112506724,0
-6.411296717813246e-06,1.5478466785611283e-05,0.9999999998596562,6.41139595549748e-06,0.9999999998596562,-1.5478425680247494e-05,-0.9999999999588947,6.411296717813246e-06,-6.41139595549748e-06,5.447201064400544e-06,-5.107518647585727e-06,0.4999980129207228,0
-7.682697855464512e-06,1.854797908060514e-05,0.9999999997984743,7.682840355097458e-06,0.9999999997984743,-1.854792005565613e-05,-0.9999999999409751,7.682697855464512e-06,-7.682840355097458e-06,6.5274149800342355e-06,-6.120390154307409e-06,0.49999761885850047,0
-9.110984241190061e-06,2.199626871233335e-05,0.999999999716577,9.11118465067126e-06,0.999999999716577,-2.199618570047455e-05,-0.9999999999169882,9.110984241190061e-06,-9.11118465067126e-06,7.740922139643475e-06,-7.258252567405614e-06,0.499997176166135,0
-1.0705059826629716e-05,2.5844837083854268e-05,0.999999999608723,1.0705336500137753e-05,0.999999999608723,-2.5844722482578696e-05,-0.9999999998853987,1.0705059826629716e-05,-1.0705336500137753e-05,9.095287432942963e-06,-8.528201871420723e-06,0.49999668208221876,0
-1.247379260207705e-05,3.0115099707391007e-05,0.9999999994687426,1.2474168256277817e-05,0.9999999994687426,-3.011494410720041e-05,-0.9999999998443998,1.247379260207705e-05,-1.2474168256277817e-05,1.0598045171220367e-05,-9.937305900959235e-06,0.49999613385616415,0
-1.4426014607043455e-05,3.4828386331421124e-05,0.9999999992894367,1.4426517049130025e-05,0.9999999992894367,-3.482817821426372e-05,-0.9999999997918828,1.4426014607043455e-05,-1.4426517049130025e-05,1.225669909360531e-05,-1.1492604403624535e-05,0.4999955287481645,0
-1.657052193945069e-05,4.000594106832883e-05,0.9999999990624713,1.6571184869753892e-05,0.9999999990624713,-4.000566647514894e-05,-0.9999999997254069,1.657052193945069e-05,-1.6571184869753892e-05,1.4078722372070074e-05,-1.3201109103933747e-05,0.49999486402915433,0
-1.8916074762869682e-05,4.566892252286032e-05,0.9999999987782658,1.8916938655942483e-05,0.9999999987782658,-4.566856468864335e-05,-0.9999999996421658,1.8916074762869682e-05,-1.8916938655942483e-05,1.607155761462343e-05,-1.5069803768640132e-05,0.4999941369807684,0
-2.1471397312421558e-05,5.183840392112606e-05,0.9999999984258795,2.147251037926785e-05,0.9999999984258795,-5.1837942876332544e-05,-0.9999999995389552,2.1471397312421558e-05,-2.147251037926785e-05,1.8242616867267474e-05,-1.710564427301635e-05,0.49999334489529923,0
-2.4245177898929626e-05,5.853537324031957e-05,0.9999999979928907,2.42465971338697e-05,0.9999999979928907,-5.8534785377261685e-05,-0.9999999994121369,2.4245177898929626e-05,-2.42465971338697e-05,2.0599281614337105e-05,-1.9315558668394516e-05,0.4999924850756541,0
-2.724606891152727e-05,6.578073333906612e-05,0.9999999974652733,2.724786122678143e-05,0.9999999974652733,-6.577999094195041e-05,-0.9999999992576029,2.724606891152727e-05,-2.724786122678143e-05,2.3148902777411826e-05,-2.1706447250814534e-05,0.49999155483531077,0
-3.0482686818790203e-05,7.359530208837286e-05,0.9999999968272687,3.048493026972496e-05,0.9999999968272687,-7.359437282578956e-05,-0.9999999990707374,3.0482686818790203e-05,-3.048493026972496e-05,2.589880071286309e-05,-2.4285182630731097e-05,0.499990551498272,0
-3.396361216815234e-05,8.199981250327766e-05,0.9999999960612519,3.396639727261303e-05,0.9999999960612519,-8.199865888171818e-05,-0.9999999988463785,3.396361216815234e-05,-3.396639727261303e-05,2.88562652078149e-05,-2.70586098039515e-05,0.4999894723990192,0
-3.769738958418739e-05,9.101491287495494e-05,0.9999999951475962,3.770082073817698e-05,0.9999999951475962,-9.101349165242197e-05,-0.9999999985787774,3.769738958418739e-05,-3.770082073817698e-05,3.2028555475055884e-05,-3.003354622338435e-05,0.4999883148824651,0
-4.1692527764968094e-05,0.0001006611669036036,0.9999999940645312,4.169672475850668e-05,0.9999999940645312,-0.0001006594284617249,-0.9999999982615582,4.1692527764968094e-05,-4.169672475850668e-05,3.542290014617409e-05,-3.3216781872166615e-05,0.4999870763039052,0
-4.5957499477460816e-05,0.0001109590538317178,0.9999999927879982,4.59625991125434e-05,0.9999999927879982,-0.00011095694150557001,-0.9999999978876738,4.5957499477460816e-05,-4.59625991125434e-05,3.904649726380058e-05,-3.6615079337476815e-05,0.4999857540289685,0
-5.050074155106539e-05,0.00012192896857810906,0.9999999912915009,5.050689936541543e-05,0.9999999912915009,-0.00012192641794221961,-0.9999999974493641,5.050074155106539e-05,-5.050689936541543e-05,4.2906514272138396e-05,-4.023517388567628e-05,0.49998434543356723,0
-5.533065487001784e-05,0.00013359122187237918,0.999999989545952,5.5338046968896394e-05,0.999999989545952,-0.00013358815998197027,-0.9999999969381096,5.533065487001784e-05,-5.5338046968896394e-05,4.7010088006440865e-05,-4.408377353825895e-05,0.4999828479038454,0
-6.0455604364416466e-05,0.0001459660403899428,0.9999999875195175,6.046442936322601e-05,0.9999999875195175,-0.00014596238497628327,-0.9999999963445864,6.0455604364416466e-05,-6.046442936322601e-05,5.136432468121802e-05,-4.8167559148782446e-05,0.4999812588361266,0
-6.588391899973302e-05,0.00015907356688765425,0.9999999851774547,6.589440008042883e-05,0.9999999851774547,-0.00015906922550627063,-0.9999999956586186,6.588391899973302e-05,-6.589440008042883e-05,5.597629987704293e-05,-5.249318448087815e-05,0.49997957563686096,0
-7.162389176521925e-05,0.00017293386033986563,0.9999999824819489,7.163627884871956e-05,0.9999999824819489,-0.00017292872947070558,-0.9999999948691308,7.162389176521925e-05,-7.163627884871956e-05,6.085305852633804e-05,-5.7067276287043375e-05,0.4999777957225711,0
-7.768377966072907e-05,0.00018756689607511538,0.9999999793919447,7.76983516984741e-05,0.9999999793919447,-0.0001875608601733583,-0.9999999939640982,7.768377966072907e-05,-7.76983516984741e-05,6.600161489769759e-05,-6.189643438856106e-05,0.49997591651979717,0
-8.407180368263981e-05,0.00020299256591315898,0.9999999758629747,8.40888710690798e-05,0.9999999758629747,-0.00020298549640993614,-0.9999999929304968,8.407180368263981e-05,-8.40888710690798e-05,7.142895257937845e-05,-6.698723175605178e-05,0.499973935465041,0
-9.079614880808454e-05,0.00021923067830266778,0.9999999718469841,9.081605591745225e-05,0.9999999718469841,-0.00021922243255430274,-0.9999999917542516,9.079614880808454e-05,-9.081605591745225e-05,7.714202446123091e-05,-7.234621459122577e-05,0.4999718500047097,0
-9.78649639783848e-05,0.00023630095845922466,0.9999999672921525,9.788809182732753e-05,0.9999999672921525,-0.0002362913786443413,-0.9999999904201852,9.78649639783848e-05,-9.788809182732753e-05,8.31477527158917e-05,-7.797990240919188e-05,0.49996965759505796,0
-0.00010528636208082659,0.00025422304850396846,0.9999999621427111,0.00010531313112018437,0.9999999621427111,-0.0002542119604671048,-0.9999999889119632,0.00010528636208082659,-0.00010531313112018437,8.945302877844742e-05,-8.389478812194023e-05,0.4999673557021299,0
-0.00011306841992966931,0.0002730165076025161,0.9999999563387586,0.00011309929296690587,0.9999999563387586,-0.00027300371964362097,-0.9999999872120411,0.00011306841992966931,-0.00011309929296690587,9.606471332539004e-05,-9.0097338122355e-05,0.49996494180170004,0
-0.00012121917824566727,0.0002927008121044599,0.9999999498160714,0.0001212546635008983,0.9999999498160714,-0.0002926861137130512,-0.9999999853016086,0.00012121917824566727,-0.0001212546635008983,0.00010298963625220007,-9.659399236927638e-05,0.49996241337921327,0
-0.00012974664163468457,0.00031329535568319156,0.9999999425059128,0.00012978729593208352,0.9999999425059128,-0.0003132785162164404,-0.9999999831605333,0.00012974664163468457,-0.00012978729593208352,0.00011023459665009358,-0.0001033911644731891,0.49995976792972435,0
-0.00013865877856495838,0.0003348194494762415,0.9999999343348375,0.00013870521066221058,0.9999999343348375,-0.00033480021677987514,-0.9999999807673037,0.00013865877856495838,-0.00013870521066221058,0.00011780636278152192,-0.0001104952417828595,0.4999570029578365,0
-0.00014796352134345284,0.0003572923222259399,0.9999999252244937,0.00014801639540103795,0.9999999252244937,-0.00035727042119722545,-0.9999999780989712,0.00014796352134345284,-0.00014801639540103795,0.00012571167205483355,-0.00011791258547259757,0.49995411597763934,0
-0.00015766876609096147,0.0003807331204205427,0.999999915091422,0.00015772880528372994,0.999999915091422,-0.00038070825151233196,-0.9999999751310917,0.00015766876609096147,-0.00015772880528372994,0.0001339572309977821,-0.0001256495306303909,0.4999511045126458,0
-0.00016778237271633298,0.0004051609084356627,0.9999999038468522,0.00016785036298908802,0.9999999038468522,-0.00040513274610078765,-0.9999999718376651,0.00016778237271633298,-0.00016785036298908802,0.00014254971523022648,-0.00013371238634663746,0.4999479660957289,0
-0.00017831216488957928,0.00043059466867610046,0.9999998913964957,0.00017838895885885573,0.9999998913964957,-0.00043056285975121304,-0.9999999681910751,0.00017831216488957928,-0.00017838895885885573,0.00015149576943580177,-0.0001421074358036485,0.4999446982690573,0
-0.0001892659300137623,0.000457053301718116,0.999999877640336,0.00018935245101819883,0.999999877640336,-0.0004570174637459778,-0.9999999641620279,0.0001892659300137623,-0.00018935245101819883,0.0001608020073324638,-0.00015084093636599541,0.4999412985840303,0
-0.00020065141919637703,0.00048455562645184175,0.999999862472417,0.00020074866549664103,0.999999862472417,-0.0004845153459416685,-0.9999999597194899,0.00020065141919637703,-0.00020074866549664103,0.00017047501164257266,-0.00015991911967118018,0.49993776460121264,0
-0.00021247634721913427,0.0005131203802242841,0.9999998457806267,0.00021258539635054825,0.9999998457806267,-0.0005130752108488386,-0.9999999548306245,0.00021247634721913427,-0.00021258539635054825,0.0001805213340615,-0.00016934819172141906,0.49993409389026766,0
-0.0002247483925072695,0.0005427662189824423,0.999999827446481,0.00022487040578603044,0.999999827446481,-0.000542715679711508,-0.9999999494607291,0.0002247483925072695,-0.00022487040578603044,0.00019094749522580358,-0.00017913433297572147,0.49993028402989104,0
-0.0002374751970977295,0.0005735117174168155,0.9999998073449019,0.00023761142428291117,0.9999998073449019,-0.0005734552905861424,-0.9999999435731693,0.0002374751970977295,-0.00023761142428291117,0.00020175998468036793,-0.00018928369844273507,0.49992633260774283,0
-0.00025066436660640273,0.0006053753691052163,0.9999997853439959,0.00025081615071959084,0.9999997853439959,-0.0006053124984201744,-0.999999937129315,0.00025066436660640273,-0.00025081615071959084,0.00021296526084466666,-0.00019980241777422907,0.49992223722037965,0
-0.00026432347019453273,0.0006383755866568385,0.9999997613048283,0.0002644922524986671,0.9999997613048283,-0.0006383056751301245,-0.9999999300884733,0.00026432347019453273,-0.0002644922524986671,0.00022456975097827364,-0.00021069659535911852,0.499917995473186,0
-0.00027846004053423907,0.0006725307018565933,0.9999997350811953,0.0002786473656733757,0.9999997350811953,-0.0006724531096792848,-0.9999999224078227,0.00027846004053423907,-0.0002786473656733757,0.0002365798511455561,-0.0002219723104180745,0.4999136049803048,0
-0.00029308157377311766,0.0007078589658097379,0.9999997065193947,0.0002932890950748895,0.9999997065193947,-0.0007077730081549532,-0.9999999140423452,0.00029308157377311766,-0.0002932890950748895,0.00024900192617952044,-0.00023363561709874674,0.4999090633645678,0
-0.00030819552949801264,0.0007443785490867342,0.999999675457993,0.00030842501444036587,0.999999675457993,-0.0007442834938452497,-0.9999999049447585,0.00030819552949801264,-0.00030842501444036587,0.00026184230964489976,-0.00024569254457152,0.499904368257425,0
-0.0003238093306980689,0.0007821075418683054,0.999999641727591,0.00032406266654164275,0.999999641727591,-0.0007820026073155604,-0.9999998950654473,0.0003238093306980689,-0.00032406266654164275,0.0002751073038005823,-0.00025814909712573096,0.49989951729887394,0
-0.00033993036372681885,0.0008210639540907777,0.9999996051505876,0.0003402095633148188,0.9999996051505876,-0.0008209483064845011,-0.9999998843523937,0.00033993036372681885,-0.0003402095633148188,0.00028880317956115297,-0.00027101125426651635,0.4998945081373882,0
-0.00035656597826371373,0.0008612657155915307,0.9999995655409407,0.0003568731859903047,0.9999995655409407,-0.0008611384666995663,-0.999999872751108,0.00035656597826371373,-0.0003568731859903047,0.0003029361764579292,-0.00028428497081199264,0.49988933842984556,0
-0.00037372348727451773,0.0009027306762548053,0.9999995227039267,0.0003740609852239285,0.9999995227039267,-0.0009025908808122253,-0.9999998602045574,0.00037372348727451773,-0.0003740609852239285,0.00031751250259895236,-0.0002979761769911894,0.49988400584145537,0
-0.0003914101669713801,0.0009454766061575055,0.9999994764358971,0.00039178038122826726,0.9999994764358971,-0.0009453232592527871,-0.9999998466530953,0.0003914101669713801,-0.00039178038122826726,0.0003325383346286896,-0.000312090778542137,0.4998785080456859,0
-0.00040963325677183563,0.0009895211957153195,0.9999994265240346,0.0004100387639049608,0.9999994265240346,-0.0009893532301047327,-0.9999998320343895,0.00040963325677183563,-0.0004100387639049608,0.0003480198176867524,-0.00032663465681065395,0.4998728427241908,0
-0.0004283999592573102,0.0010348820558289053,0.999999372746106,0.00042884349297742075,0.999999372746106,-0.0010346983391787442,-0.9999998162833499,0.0004283999592573102,-0.00042884349297742075,0.0003639630653661658,-0.00034161366884941216,0.4998670075667356,0
-0.0004477174401308214,0.0010815767180302632,0.9999993148702138,0.00044820189812424177,0.9999993148702138,-0.0010813760500862951,-0.9999997993320561,0.0004477174401308214,-0.00044820189812424177,0.00038037415967090286,-0.0003570336475174979,0.499861000271123,0
-0.0004675928281739781,0.001129622634629254,0.9999992526545459,0.00046812127911321203,0.9999992526545459,-0.0011294037443128507,-0.9999997811096836,0.0004675928281739781,-0.00046812127911321203,0.00039725915097277975,-0.0003729004015803963,0.49985481854311864,0
-0.00048803321520340666,0.0011790371788601903,0.9999991858471244,0.0004886089059357778,0.9999991858471244,-0.00117879872129071,-0.9999997615424305,0.00048803321520340666,-0.0004886089059357778,0.00041462405796782996,-0.00038921971581029445,0.49984846009637574,0
-0.0005090456560265437,0.0012298376450285387,0.9999991141855512,0.0005096720189420386,0.9999991141855512,-0.001229578198471485,-0.999999740553443,0.0005090456560265437,-0.0005096720189420386,0.0004324748676321032,-0.000405997351086755,0.49984192265235977,0
-0.0005306371683966137,0.001282041248657789,0.9999990373967529,0.0005313178289764338,0.9999990373967529,-0.0012817593113981143,-0.9999997180627404,0.0005306371683966137,-0.0005313178289764338,0.0004508175351767197,-0.00042323904449788,0.4998352039402726,0
-0.0005528147329672357,0.0013356651266362987,0.9999989551967244,0.0005535535175136747,0.9999989551967244,-0.0013353591137766029,-0.9999996939871403,0.0005528147329672357,-0.0005535535175136747,0.00046965798400259426,-0.0004409505094416398,0.4998283016969762,0
-0.0005755852932463208,0.0013907263373642619,0.9999988672902709,0.0005763862367952681,0.9999988672902709,-0.001390394577547344,-0.999999668240183,0.0005755852932463208,-0.0005763862367952681,0.0004890021056545133,-0.0004591374357276175,0.49982121366691595,0
-0.0005989557555493159,0.0014472418609007523,0.9999987733707472,0.0005998231099665501,0.9999987733707472,-0.0014468825929560354,-0.9999996407320553,0.0005989557555493159,-0.0005998231099665501,0.0005088557597746206,-0.00047780548967910953,0.49981393760204407,0
-0.0006229329889520422,0.0015052285991107516,0.9999986731197975,0.0006238712312140005,0.9999986731197975,-0.0015048399686242947,-0.9999996113695135,0.0006229329889520422,-0.0006238712312140005,0.0005292247740555401,-0.0004969603142354177,0.4998064712617419,0
-0.0006475238252429125,0.0015647033758122279,0.9999985662070928,0.00064853766590303,0.9999985662070928,-0.0015642834316198727,-0.9999995800558077,0.0006475238252429125,-0.00064853766590303,0.0005501149441929342,-0.0005166075290544676,0.49979881241274265,0
-0.0006727350588745313,0.001625682936923275,0.9999984522900669,0.0006738294507162473,0.9999984522900669,-0.001625229627526475,-0.9999995466906032,0.0006727350588745313,-0.0006738294507162473,0.0005715320338375078,-0.0005367527306157627,0.49979095882905344,0
-0.0006985734469150103,0.001688183950609146,0.9999983310136513,0.0006997535937918512,0.9999983310136513,-0.0016876951205133026,-0.9999995111699042,0.0006985734469150103,-0.0006997535937918512,0.0005934817745467597,-0.0005574014923234136,0.4997829082918769,0
-0.0007250457089984249,0.0017522230074294384,0.9999982020100097,0.00072631707486274,0.9999982020100097,-0.0017516963934040989,-0.9999994733859746,0.0007250457089984249,-0.00072631707486274,0.0006159698657359535,-0.000578559364609671,0.49977465858953285,0
-0.0007521585272752182,0.0018178166204850593,0.9999980648982697,0.0007535268453954989,0.9999980648982697,-0.0018172498477459986,-0.9999994332272609,0.0007521585272752182,-0.0007535268453954989,0.0006390019746290557,-0.0006002318750383578,0.49976620751737977,0
-0.0007799185463618119,0.0018849812255653017,0.9999979192842554,0.0007813898287300315,0.9999979192842554,-0.0018843718038778971,-0.9999993905783126,0.0007799185463618119,-0.0007813898287300315,0.000662583736208952,-0.0006224245284087504,0.4997575528777353,0
-0.0008083323732898515,0.0019537331812948234,0.9999977647602172,0.0008099129202193768,0.9999977647602172,-0.0019530785009984918,-0.9999993453197037,0.0008083323732898515,-0.0008099129202193768,0.0006867207531673429,-0.0006451428068595781,0.4997486924797976,0
-0.0008374065774550618,0.0020240887692805497,0.9999976009045612,0.0008391029873697487,0.9999976009045612,-0.002023386097233994,-0.9999992973279535,0.0008374065774550618,-0.0008391029873697487,0.0007114185958542937,-0.0006683921699731679,0.49973962413956513,0
-0.0008671476905655981,0.0020960641942585198,0.9999974272815787,0.0008689668699808948,0.9999974272815787,-0.0020953106697054434,-0.9999992464754469,0.0008671476905655981,-0.0008689668699808948,0.0007366828022273319,-0.0006921780548798048,0.49973034567975766,0
-0.0008975622065900685,0.002169675584240622,0.9999972434411729,0.0008995113802866068,0.9999972434411729,-0.002168868214595714,-0.9999991926303551,0.0008975622065900685,-0.0008995113802866068,0.0007625188778002603,-0.0007165058763621837,0.49972085492973584,0
-0.0009286565817051846,0.002244938990661202,0.9999970489185863,0.0009307433030954044,0.9999970489185863,-0.0022440746472161643,-0.999999135656555,0.0009286565817051846,-0.0009307433030954044,0.0007889322955916398,-0.0007413810269599697,0.49971114972542147,0
-0.0009604372342428037,0.0023218703885236605,0.9999968432341264,0.0009626693959316401,0.9999968432341264,-0.0023209458020728513,-0.9999990754135492,0.0009604372342428037,-0.0009626693959316401,0.0008159284960727296,-0.000766808877074646,0.4997012279092167,0
-0.0009929105446368708,0.0024004856765467977,0.9999966258928912,0.0009952963891765028,0.9999966258928912,-0.0023994974329324967,-0.9999990117563857,0.0009929105446368708,-0.0009952963891765028,0.0008435128871153494,-0.0007927947750742689,0.49969108732992407,0
-0.001026082855369981,0.0024808006773110337,0.9999963963844937,0.0010286309862091896,0.9999963963844937,-0.002479745212888092,-0.999998944535577,0.001026082855369981,-0.0010286309862091896,0.0008716908439394118,-0.0008193440473983274,0.4996807258426656,0
-0.0010599604709193287,0.0025628311374045806,0.9999961541827854,0.0010626798635484922,0.9999961541827854,-0.0025617047344240395,-0.9999988735970194,0.0010599604709193287,-0.0010626798635484922,0.0009004677090599033,-0.0008464619986628835,0.4996701413088019,0
-0.0010945496577026428,0.0026465927275693053,0.9999958987455805,0.0010974496709941636,0.9999958987455805,-0.002645391509481066,-0.9999987987819118,0.0010945496577026428,-0.0010974496709941636,0.0009298487922338753,-0.0008741539117655323,0.49965933159585135,0
-0.0011298566440237118,0.0027321010428464727,0.9999956295143773,0.0011329470317684893,0.9999956295143773,-0.0027308209695207555,-0.9999987199266743,0.0011298566440237118,-0.0011329470317684893,0.0009598393704070716,-0.0009024250479904937,0.49964829457740906,0
-0.0011658876200175165,0.0028193716027223037,0.9999953459140815,0.0011691785426580182,0.9999953459140815,-0.0028180084655896817,-0.9999986368628674,0.0011658876200175165,-0.0011691785426580182,0.0009904446876602135,-0.0009312806471137941,0.49963702813306554,0
-0.001202648737595108,0.0029084198512733224,0.9999950473527269,0.0012061507741553063,0.9999950473527269,-0.002906969268383207,-0.9999985494171099,0.001202648737595108,-0.0012061507741553063,0.0010216699551550746,-0.0009607259275084435,0.49962553014832556,0
-0.001240146110388405,0.0029992611573114005,0.999994733221198,0.0012438702706005181,0.999994733221198,-0.0029977185683090074,-0.9999984574109976,0.001240146110388405,-0.0012438702706005181,0.0010535203510804972,-0.0009907660862494801,0.4996137985145266,0
-0.0012783858136944182,0.0030919108145286813,0.9999944028929494,0.0012823435503233407,0.9999944028929494,-0.0030902714755501144,-0.9999983606610214,0.0012783858136944182,-0.0012823435503233407,0.0010860010205979013,-0.0010214062992192278,0.49960183112875733,0
-0.0013173738844193912,0.003186384041642202,0.9999940557237267,0.0013215771057847464,0.9999940557237267,-0.0031846430201276786,-0.9999982589784855,0.0013173738844193912,-0.0013215771057847464,0.0011191170757867395,-0.0010526517212124135,0.49958962589377615,0
-0.001357116321022804,0.0032826959825381953,0.9999936910512873,0.0013615774037186211,0.9999936910512873,-0.0032808481519634126,-0.9999981521694252,0.001357116321022804,-0.0013615774037186211,0.0011528735955898509,-0.0010845074860411725,0.49957718071792956,0
-0.0013976190834608783,0.003380861706416234,0.9999933081951197,0.0014023508852736425,0.9999933081951197,-0.0033789017409415656,-0.9999980400345253,0.0013976190834608783,-0.0014023508852736425,0.0011872756257583687,-0.0011169787066402058,0.4995644935150703,0
-0.0014388880931301487,0.003480896207932973,0.9999929064561633,0.0014439039661548183,0.9999929064561633,-0.003478818576970672,-0.9999979223690377,0.0014388880931301487,-0.0014439039661548183,0.001222328178796722,-0.0011500704751716698,0.4995515622044759,0
-0.0014809292328107244,0.003582814407345618,0.9999924851165282,0.0014862430367650553,0.9999924851165282,-0.003580613370044869,-0.9999977989626992,0.0014809292328107244,-0.0014862430367650553,0.0012580362339073697,-0.0011837878631300654,0.4995383847107666,0
-0.0015237483466092122,0.0036866311506551586,0.9999920434392141,0.001529374462346799,0.9999920434392141,-0.0036843007503048293,-0.9999976695996496,0.0015237483466092122,-0.001529374462346799,0.0012944047369352488,-0.0012181359214471494,0.4995249589638237,0
-0.0015673512399018035,0.003792361209749127,0.9999915806678302,0.001573304583123224,0.9999915806678302,-0.003789895268098453,-0.9999975340583493,0.0015673512399018035,-0.001573304583123224,0.0013314386003123963,-0.001253119680596502,0.49951128289870783,0
-0.001611743679276758,0.0039000192825441628,0.9999910960263136,0.0016180397144397085,0.9999910960263136,-0.003897411394041016,-0.9999973921114969,0.001611743679276758,-0.0016180397144397085,0.001369142703002046,-0.001288744150698268,0.4994973544555769,0
-0.0016569313924772746,0.00400961999312805,0.9999905887186495,0.0016635861469046723,0.9999905887186495,-0.004006863519075205,-0.9999972435259471,0.0016569313924772746,-0.0016635861469046723,0.0014075218904430996,-0.0013250143216234154,0.4994831715796046,0
-0.0017029200683436043,0.0041211778919015805,0.9999900579285896,0.0017099501465308157,0.9999900579285896,-0.0041182659545304975,-0.9999970880626289,0.0017029200683436043,-0.0017099501465308157,0.0014465809744939357,-0.0013619351630982561,0.4994687322208982,0
-0.001749715356755578,0.004234707455719865,0.9999895028193719,0.001757137954875683,0.9999895028193719,-0.004231632932182447,-0.9999969254764626,0.001749715356755578,-0.001757137954875683,0.0014863247333766162,-0.0013995116248084508,0.4994540343344173,0
-0.0017973228685746827,0.004350223088033331,0.9999889225334401,0.0018051557891823199,0.9999889225334401,-0.004346978604311429,-0.9999967555162781,0.0017973228685746827,-0.0018051557891823199,0.0015267579116207193,-0.0014377486365030531,0.4994390758798916,0
-0.0018457481755861324,0.0044677391190283125,0.9999883161921626,0.0018540098425196497,0.9999883161921626,-0.004464317043761081,-0.9999965779247327,0.0018457481755861324,-0.0018540098425196497,0.0015678852200071802,-0.0014766511080983244,0.4994238548217396,0
-0.001894996810440889,0.004587269805767147,0.9999876828955533,0.0019037062839225305,0.9999876828955533,-0.004583662243996384,-0.9999963924382292,0.001894996810440889,-0.0019037062839225305,0.0016097113355121268,-0.001516223929781288,0.4994083691289867,0
-0.001945074266597441,0.004708829332327963,0.9999870217219904,0.0019542512585317704,0.9999870217219904,-0.004705028119161327,-0.9999961987868333,0.001945074266597441,-0.0019542512585317704,0.0016522409012505132,-0.001556471972113223,0.49939261677518376,0
-0.0019959859982637265,0.004832431809943854,0.9999863317279376,0.0020056508877336057,0.9999863317279376,-0.004828428504136255,-0.9999959966941924,0.0019959859982637265,-0.0020056508877336057,0.0016954785264199229,-0.0015974000861327408,0.4993765957383256,0
-0.0020477374203388366,0.004958091277141719,0.9999856119476644,0.002057911269299095,0.9999856119476644,-0.004953877154594827,-0.9999957858774531,0.0020477374203388366,-0.002057911269299095,0.0017394287862441949,-0.001639013103458771,0.4993603040007697,0
-0.002100333908354629,0.005085821699880592,0.9999848613929665,0.0021110384775232184,0.9999848613929665,-0.00508138774706054,-0.99999556604718,0.002100333908354629,-0.0021110384775232184,0.001784096221917003,-0.001681315836393303,0.49934373954915456,0
-0.0021537807984174807,0.005215636971689426,0.9999840790528877,0.0021650385633635,0.9999840790528877,-0.0052109738789629725,-0.9999953369072735,0.0021537807984174807,-0.0021650385633635,0.0018294853405455892,-0.0017243130780237477,0.49932690037431887,0
-0.0022080833871497775,0.005347550913804467,0.9999832638934412,0.0022199175545785025,0.9999832638934412,-0.005342649068693547,-0.9999950981548891,0.0022080833871497775,-0.0022199175545785025,0.001875600615094292,-0.0017680096023251829,0.4993097844712202,0
-0.0022632469316316416,0.005481577275306,0.9999824148573321,0.0022756814558657426,0.9999824148573321,-0.005476426755661028,-0.999994849480355,0.0022632469316316416,-0.0022756814558657426,0.0019224464843283296,-0.0018124101642621405,0.4992923898388542,0
-0.002319276649342259,0.005617729733254729,0.9999815308636795,0.0023323362489996073,0.9999815308636795,-0.005612320300346457,-0.9999945905670917,0.002319276649342259,-0.0023323362489996073,0.0019700273527572328,-0.0018575194998903626,0.49927471448017335,0
-0.002376177718101691,0.0057560218928274075,0.9999806108077403,0.002389887892968399,0.9999806108077403,-0.005750342984357927,-0.9999943210915305,0.002376177718101691,-0.002389887892968399,0.0020183475905787836,-0.0019033423264578964,0.4992567564020068,0
-0.002433955276012262,0.0058964672874520846,0.9999796535606323,0.002448342324111424,0.9999796535606323,-0.005890508010484761,-0.9999940407230327,0.002433955276012262,-0.002448342324111424,0.002067411533622572,-0.0019498833425061841,0.49923851361497934,0
-0.002492614421400192,0.006039079378942714,0.9999786579690594,0.002507705456255439,0.9999786579690594,-0.006032828502751427,-0.9999937491238087,0.002492614421400192,-0.002507705456255439,0.0021172234832938295,-0.0019971472279706587,0.49921998413343144,0
-0.0025521602127572215,0.0061838715576331554,0.9999776228550353,0.002567983180850686,0.9999776228550353,-0.006177317506471016,-0.9999934459488379,0.0025521602127572215,-0.002567983180850686,0.002167787706517291,-0.002045138644280996,0.4992011659753386,0
-0.002612597668682115,0.006330857142510676,0.9999765470156101,0.002629181367106654,0.9999765470156101,-0.006323987988298273,-0.9999931308457876,0.002612597668682115,-0.002629181367106654,0.0022191084356809714,-0.002093862234461149,0.49918205716223146,0
-0.002673931767822457,0.006480049381348732,0.9999754292225965,0.002691305862127126,0.9999754292225965,-0.006472852836282343,-0.9999928034549336,0.002673931767822457,-0.002691305862127126,0.0022711898685802622,-0.0021433226232288145,0.499162655719116,0
-0.0027361674488163867,0.0066314614508391845,0.9999742682222968,0.002754362491044869,0.9999742682222968,-0.0066239248599190515,-0.9999924634090799,0.0027361674488163867,-0.002754362491044869,0.0023240361683619947,-0.002193524417094615,0.49914295967439387,0
-0.00279930961023423,0.006785106456723911,0.9999730627352303,0.002818357057155967,0.9999730627352303,-0.006777216790202699,-0.9999921103334788,0.00279930961023423,-0.002818357057155967,0.0023776514634684643,-0.0022444722044609815,0.49912296705978265,0
-0.002863363110520431,0.006940997433925746,0.9999718114558627,0.0028832953420534803,0.9999718114558627,-0.006932741279677595,-0.9999917438457518,0.002863363110520431,-0.0028832953420534803,0.002432039847581752,-0.002296170555720509,0.4991026759102368,0
-0.0029283327679354935,0.0070991473466787205,0.9999705130523351,0.0029491831057605767,0.9999705130523351,-0.007090510902489092,-0.9999913635558104,0.0029283327679354935,-0.0029491831057605767,0.002487205379568109,-0.0023486240233538953,0.4990820842638686,0
-0.0029942233604979425,0.0072595690886577205,0.9999691661661946,0.003016026086863265,0.9999691661661946,-0.00725053815443423,-0.9999909690657766,0.0029942233604979425,-0.003016026086863265,0.0025431520834223896,-0.0024018371420275533,0.4990611901618691,0
-0.003061039625926443,0.007422275483107385,0.9999677694121253,0.0030838300026424684,0.9999677694121253,-0.007412835453011959,-0.9999905599699046,0.003061039625926443,-0.0030838300026424684,0.0025998839482126784,-0.002455814428690705,0.49903999164842994,0
-0.003128786261581968,0.007587279282970366,0.999966321377681,0.0031526005492055983,0.999966321377681,-0.007577415137472932,-0.9999901358545026,0.003128786261581968,-0.0031526005492055983,0.0026574049280249966,-0.002510560382672075,0.49901848677066446,0
-0.0031974679244101524,0.0077545931710148305,0.999964820623018,0.003222343401617491,0.999964820623018,-0.007744289468868906,-0.9999896962978541,0.0031974679244101524,-0.003222343401617491,0.0027157189419082244,-0.0025660794857760775,0.49899667357852995,0
-0.003267089230883706,0.007924229759961283,0.9999632656806292,0.003293064214030788,0.9999632656806292,-0.007913470630101695,-0.9999892408701404,0.003267089230883706,-0.003293064214030788,0.002774829873819125,-0.002622376202378575,0.4989745501247497,0
-0.003337654756945003,0.008096201592608612,0.9999616550550803,0.0033647686198156734,0.9999616550550803,-0.008084970725971714,-0.9999887691333631,0.003337654756945003,-0.0033647686198156734,0.0028347415725675697,-0.0026794549795221114,0.4989521144647355,0
-0.0034091690379486456,0.008270521141959522,0.9999599872227444,0.003437462231689168,0.9999599872227444,-0.008258801783226041,-0.9999882806412665,0.0034091690379486456,-0.003437462231689168,0.0028954578517617754,-0.002737320247010798,0.49892936465651,0
-0.0034816365686044628,0.008447200811344951,0.999958260631541,0.0035111506418434293,0.999958260631541,-0.008434975750606113,-0.9999877749392612,0.0034816365686044628,-0.0035111506418434293,0.0029569824897540077,-0.002795976417504424,0.4989062987606301,0
-0.0035550618029204146,0.008626252934548015,0.999956473700674,0.0035858394220737457,0.999956473700674,-0.008613504498894966,-0.999987251564347,0.0035550618029204146,-0.0035858394220737457,0.0030193192295862215,-0.0028554278866123202,0.4988829148401099,0
-0.003629449154145709,0.008807689775926964,0.9999546248203708,0.0036615341239057157,0.9999546248203708,-0.008794399820963984,-0.999986710045037,0.003629449154145709,-0.0036615341239057157,0.0030824717789359525,-0.0029156790329865723,0.49885921096034447,0
-0.0037048029947141458,0.008991523530537456,0.9999527123516242,0.0037382402787217686,0.9999527123516242,-0.008977673431819284,-0.9999861499012819,0.0037048029947141458,-0.0037382402787217686,0.003146443810062464,-0.0029767342184147247,0.49883518518903347,0
-0.003781127656187617,0.00917776632425395,0.999950734625934,0.003815963397886947,0.999950734625934,-0.009163336968647604,-0.9999855706443936,0.003781127656187617,-0.003815963397886947,0.0032112389597530808,-0.003038597787911902,0.4988108355961055,0
-0.003858427429199712,0.009366430213890376,0.9999486899450502,0.0038947089728741135,0.9999486899450502,-0.009351401990861749,-0.9999849717769713,0.003858427429199712,-0.0038947089728741135,0.0032768608292696746,-0.003101274069812468,0.4987861602536426,0
-0.003936706563399583,0.009557527187319871,0.9999465765807178,0.003974482475388316,0.9999465765807178,-0.009541879980145579,-0.9999843527928257,0.003936706563399583,-0.003974482475388316,0.003343312984295419,-0.0031647673758610326,0.4987611572358047,0
-0.004015969267396081,0.009751069163593747,0.9999443927744233,0.004055289357490401,0.9999443927744233,-0.00973478234049862,-0.9999837131769048,0.004015969267396081,-0.004055289357490401,0.00341059895488187,-0.0032290820013028735,0.4987358246187553,0
-0.004096219708701869,0.0099470679930596,0.9999421367371412,0.00413713505172006,0.9999421367371412,-0.009930120398280055,-0.9999830524052205,0.004096219708701869,-0.00413713505172006,0.0034787222353960473,-0.0032942222249738836,0.4987101604805867,0
-0.004177462013677934,0.010145535457478566,0.9999398066490829,0.0042200249712179595,0.9999398066490829,-0.010127905402252422,-0.9999823699447739,0.004177462013677934,-0.0042200249712179595,0.0035476862844679518,-0.003360192309389835,0.49868416290124556,0
-0.004259700267478354,0.010346483270141609,0.9999374006594473,0.004303964509847052,0.9999374006594473,-0.010328148523624762,-0.9999816652534832,0.004259700267478354,-0.004303964509847052,0.0036174945249383508,-0.003426996500834973,0.4986578299624596,0
-0.004342938513994999,0.010549923075985113,0.9999349168861714,0.0043889590423133885,0.9999349168861714,-0.010530860856095281,-0.9999809377801102,0.004342938513994999,-0.0043889590423133885,0.0036881503438065755,-0.003494639029450232,0.4986311597476637,0
-0.004427180755802864,0.010755866451705355,0.9999323534156841,0.004475013924285724,0.9999323534156841,-0.010736053415893608,-0.9999801869641882,0.004427180755802864,-0.004475013924285724,0.003759657092178927,-0.0035631241093205045,0.4986041503419271,0
-0.004512430954105345,0.01096432490587226,0.9999297083026601,0.004562134492514663,0.9999297083026601,-0.01094373714182257,-0.9999794122359503,0.004512430954105345,-0.004562134492514663,0.0038320180852171,-0.0036324559385615407,0.4985767998318806,0
-0.004598693028679837,0.011175309879042116,0.999926979569776,0.00465032606495081,0.999926979569776,-0.011153922895299392,-0.9999786130162572,0.004598693028679837,-0.00465032606495081,0.003905236602086951,-0.0037026386994060798,0.4985491063056441,0
-0.004685970857823636,0.011388832743869424,0.9999241652074681,0.004739593940862135,0.9999241652074681,-0.011366621460396563,-0.9999777887165271,0.004685970857823636,-0.004739593940862135,0.003979315885907583,-0.0037736765582893554,0.49852106785275485,0
-0.004774268278300049,0.011604904805217782,0.9999212631736905,0.004829943400950459,0.9999212631736905,-0.011581843543882123,-0.9999769387386643,0.004774268278300049,-0.004829943400950459,0.004054259143700712,-0.0038455736659339214,0.4984926825640958,0
-0.004863589085284792,0.011823537300269832,0.9999182713936768,0.004921379707467126,0.9999182713936768,-0.011799599775259507,-0.9999760624749897,0.004863589085284792,-0.004921379707467126,0.004130069546340311,-0.003918334157433831,0.49846394853182446,0
-0.004953937032312596,0.012044741398636214,0.9999151877597018,0.0050139081043277765,0.9999151877597018,-0.012019900706806834,-0.9999751593081706,0.004953937032312596,-0.0050139081043277765,0.004206750228502527,-0.003991962152338129,0.49843486384930225,0
-0.005045315831224313,0.012268528202463555,0.9999120101308457,0.005107533817226135,0.9999120101308457,-0.012242756813615868,-0.9999742286111523,0.005045315831224313,-0.005107533817226135,0.004284304288616104,-0.004066461754733553,0.49840542661102405,0
-0.005137729152113815,0.01249490874654162,0.999908736332759,0.005202262053747301,0.999908736332759,-0.012468178493630227,-0.9999732697470886,0.005137729152113815,-0.005202262053747301,0.004362734788812673,-0.004141837053326855,0.4983756349125483,0
-0.005231180623275891,0.012723893998409147,0.9999053641574306,0.005298098003479445,0.9999053641574306,-0.012696176067683394,-0.9999722820692742,0.005231180623275891,-0.005298098003479445,0.0044420447548780126,-0.004218092121525885,0.49834548685042784,0
-0.005325673831153738,0.01295549485845902,0.9999018913629559,0.0053950468381252946,0.9999018913629559,-0.012926759779535942,-0.9999712649210769,0.005325673831153738,-0.0053950468381252946,0.004522237176203002,-0.004295231017520498,0.49831498052214024,0
