0.0,0.0,1.0,0.0,1.0,0.0,-1.0,0.0,0.0,0.0,0.0,0.5,0
0.0,0.0,1.0,0.0,1.0,0.0,-1.0,0.0,0.0,0.0,0.0,0.5,0
0.0,0.0,1.0,0.0,1.0,0.0,-1.0,0.0,0.0,2.320791674852645e-08,0.0,0.5000000000658296,0
0.0,0.0,1.0,0.0,1.0,0.0,-1.0,0.0,0.0,1.8530797493240947e-07,0.0,0.5000000005256288,0
0.0,0.0,1.0,0.0,1.0,0.0,-1.0,0.0,0.0,6.242163042726791e-07,0.0,0.5000000017705984,0
-1.0351159722635267e-06,0.0,0.9999999999994643,0.0,1.0,0.0,-0.9999999999994643,0.0,-1.0351159722635267e-06,1.4767867727455756e-06,0.0,0.5000000041881625,0
-2.017830942752846e-06,0.0,0.9999999999979642,0.0,1.0,0.0,-0.9999999999979642,0.0,-2.017830942752846e-06,2.878813707735062e-06,0.0,0.5000000081628917,0
-3.480114204685464e-06,0.0,0.9999999999939444,0.0,1.0,0.0,-0.9999999999939444,0.0,-3.480114204685464e-06,4.965034624774683e-06,0.0,0.500000014074752,0
-5.515667734869105e-06,0.0,0.9999999999847887,0.0,1.0,0.0,-0.9999999999847887,0.0,-5.515667734869105e-06,7.869132951029877e-06,0.0,0.500000022299206,0
-8.217456579915202e-06,0.0,0.9999999999662367,0.0,1.0,0.0,-0.9999999999662367,0.0,-8.217456579915202e-06,1.1723740751397234e-05,0.0,0.5000000332063879,0
-1.1677710765365375e-05,0.0,0.9999999999318155,0.0,1.0,0.0,-0.9999999999318155,0.0,-1.1677710765365375e-05,1.6660441454529466e-05,0.0,0.5000000471603013,0
-1.5987927204803985e-05,0.0,0.9999999998721931,0.0,1.0,0.0,-0.9999999998721931,0.0,-1.5987927204803985e-05,2.280977257916134e-05,0.0,0.5000000645179037,0
-2.1238871608950415e-05,0.0,0.9999999997744552,0.0,1.0,0.0,-0.9999999997744552,0.0,-2.1238871608950415e-05,3.0301228460711215e-05,0.0,0.5000000856280826,0
-2.7520580394723e-05,0.0,0.9999999996213088,0.0,1.0,0.0,-0.9999999996213088,0.0,-2.7520580394723e-05,3.926326297814239e-05,0.0,0.5000001108305278,0
-3.492236259426471e-05,0.0,0.9999999993902143,0.0,1.0,0.0,-0.9999999993902143,0.0,-3.492236259426471e-05,4.9823292281058196e-05,0.0,0.5000001404544994,0
-4.353280176391908e-05,0.0,0.9999999990524476,0.0,1.0,0.0,-0.9999999990524476,0.0,-4.353280176391908e-05,6.210769751700877e-05,0.0,0.5000001748174989,0
-5.343975789314203e-05,0.0,0.9999999985720961,0.0,1.0,0.0,-0.9999999985720961,0.0,-5.343975789314203e-05,7.624182755897422e-05,0.0,0.5000002142238436,0
-6.473036931333435e-05,0.0,0.9999999979049896,0.0,1.0,0.0,-0.9999999979049896,0.0,-6.473036931333435e-05,9.235000173299758e-05,0.0,0.5000002589631496,0
-7.749105460657571e-05,0.0,0.9999999969975683,0.0,1.0,0.0,-0.9999999969975683,0.0,-7.749105460657571e-05,0.00011055551254593388,0.0,0.5000003093087241,0
-9.180751451424054e-05,0.0,0.9999999957856901,0.0,1.0,0.0,-0.9999999957856901,0.0,-9.180751451424054e-05,0.00013098062841327234,0.0,0.5000003655158718,0
-0.00010776473384547166,0.0,0.999999994193381,0.0,1.0,0.0,-0.999999994193381,0.0,-0.00010776473384547166,0.00015374659638699083,0.0,0.5000004278201196,0
-0.00012544698338548728,0.0,0.9999999921315271,0.0,1.0,0.0,-0.9999999921315271,0.0,-0.00012544698338548728,0.00017897364488340492,0.0,0.5000004964353584,0
-0.00014493782180369181,0.0,0.9999999894965138,0.0,1.0,0.0,-0.9999999894965138,0.0,-0.00014493782180369181,0.0002067809864109523,0.0,0.5000005715519095,0
-0.00016632009756156104,0.0,0.9999999861688125,0.0,1.0,0.0,-0.9999999861688125,0.0,-0.00016632009756156104,0.00023728682029786768,0.0,0.5000006533345155,0
-0.0001896759508202675,0.0,0.9999999820115166,0.0,1.0,0.0,-0.9999999820115166,0.0,-0.0001896759508202675,0.00027060833541969217,0.0,0.50000074192026,0
-0.00021508681534800924,0.0,0.9999999768688307,0.0,1.0,0.0,-0.9999999768688307,0.0,-0.00021508681534800924,0.00030686171292654973,0.0,0.5000008374164193,0
-0.00024263342042700454,0.0,0.9999999705645112,0.0,1.0,0.0,-0.9999999705645112,0.0,-0.00024263342042700454,0.0003461621289701411,0.0,0.5000009398982458,0
-0.00027239579276010955,0.0,0.9999999629002654,0.0,1.0,0.0,-0.9999999629002654,0.0,-0.00027239579276010955,0.0003886237574303709,0.0,0.5000010494066913,0
-0.0003044532583770147,0.0,0.9999999536541057,0.0,1.0,0.0,-0.9999999536541057,0.0,-0.0003044532583770147,0.00043435977264155376,0.0,0.5000011659460669,0
-0.0003388844445399728,0.0,0.999999942578665,0.0,1.0,0.0,-0.999999942578665,0.0,-0.0003388844445399728,0.00048348235211810874,0.0,0.5000012894816477,0
-0.0003757672816490077,0.0,0.9999999293994726,0.0,1.0,0.0,-0.9999999293994726,0.0,-0.0003757672816490077,0.0005361026792796746,0.0,0.5000014199372197,0
-0.0004151790051465544,0.0,0.9999999138131931,0.0,1.0,0.0,-0.9999999138131931,0.0,-0.0004151790051465544,0.0005923309461755614,0.0,0.5000015571925761,0
-0.0004571961574214667,0.0,0.9999998954858313,0.0,1.0,0.0,-0.9999998954858313,0.0,-0.0004571961574214667,0.0006522763562084392,0.0,0.5000017010809635,0
-0.0005018945897123448,0.0,0.9999998740509025,0.0,1.0,0.0,-0.9999998740509025,0.0,-0.0005018945897123448,0.0007160471268571954,0.0,0.500001851386479,0
-0.0005493494640101126,0.0,0.9999998491075718,0.0,1.0,0.0,-0.9999998491075718,0.0,-0.0005493494640101126,0.0007837504923988473,0.0,0.5000020078414233,0
-0.0005996352549597858,0.0,0.9999998202187643,0.0,1.0,0.0,-0.9999998202187643,0.0,-0.0005996352549597858,0.0008554927066294174,0.0,0.500002170123613,0
-0.000652825751761363,0.0,0.9999997869092462,0.0,1.0,0.0,-0.9999997869092462,0.0,-0.000652825751761363,0.0009313790455836791,0.0,0.5000023378536492,0
-0.0007089940600697699,0.0,0.9999997486636798,0.0,1.0,0.0,-0.9999997486636798,0.0,-0.0007089940600697699,0.001011513810253649,0.0,0.500002510592152,0
-0.0007682126038937861,0.0,0.9999997049246541,0.0,1.0,0.0,-0.9999997049246541,0.0,-0.0007682126038937861,0.001096000329305736,0.0,0.5000026878369564,0
-0.0008305531274938806,0.0,0.9999996550906918,0.0,1.0,0.0,-0.9999996550906918,0.0,-0.0008305531274938806,0.0011849409617964211,0.0,0.500002869020279,0
-0.0008960866972788781,0.0,0.9999995985142349,0.0,1.0,0.0,-0.9999995985142349,0.0,-0.0008960866972788781,0.0012784370998863608,0.0,0.5000030535058498,0
-0.0009648837037013759,0.0,0.9999995344996109,0.0,1.0,0.0,-0.9999995344996109,0.0,-0.0009648837037013759,0.001376589171552785,0.0,0.500003240586019,0
-0.001037013863151836,0.0,0.9999994623009792,0.0,1.0,0.0,-0.9999994623009792,0.0,-0.001037013863151836,0.0014794966433000815,0.0,0.5000034294788349,0
-0.0011125462198512603,0.0,0.9999993811202629,0.0,1.0,0.0,-0.9999993811202629,0.0,-0.0011125462198512603,0.0015872580228684257,0.0,0.5000036193251007,0
-0.0011915491477423696,0.0,0.9999992901050623,0.0,1.0,0.0,-0.9999992901050623,0.0,-0.0011915491477423696,0.0016999708619403412,0.0,0.5000038091854059,0
-0.0012740903523791969,0.0,0.9999991883465575,0.0,1.0,0.0,-0.9999991883465575,0.0,-0.0012740903523791969,0.0018177317588450492,0.0,0.5000039980371407,0
-0.0013602368728150025,0.0,0.999999074877397,0.0,1.0,0.0,-0.999999074877397,0.0,-0.0013602368728150025,0.0019406363612604768,0.0,0.5000041847714918,0
-0.0014500550834884232,0.0,0.9999989486695747,0.0,1.0,0.0,-0.9999989486695747,0.0,-0.0014500550834884232,0.0020687793689127916,0.0,0.5000043681904214,0
-0.0015436106961077578,0.0,0.9999988086322997,0.0,1.0,0.0,-0.9999988086322997,0.0,-0.0015436106961077578,0.0022022545362733095,0.0,0.5000045470036354,0
-0.0016409687615332996,0.0,0.9999986536098554,0.0,1.0,0.0,-0.9999986536098554,0.0,-0.0016409687615332996,0.00234115467525266,0.0,0.5000047198255367,0
-0.0017421936716576075,0.0,0.9999984823794537,0.0,1.0,0.0,-0.9999984823794537,0.0,-0.0017421936716576075,0.0024855716578920267,0.0,0.5000048851721713,0
-0.0018473491612836291,0.0,0.9999982936490823,0.0,1.0,0.0,-0.9999982936490823,0.0,-0.0018473491612836291,0.0026355964190513522,0.0,0.5000050414581654,0
-0.0019564983100005774,0.0,0.9999980860553499,0.0,1.0,0.0,-0.9999980860553499,0.0,-0.0019564983100005774,0.002791318959094351,0.0,0.5000051869936569,0
-0.0020697035440574354,0.0,0.9999978581613261,0.0,1.0,0.0,-0.9999978581613261,0.0,-0.0020697035440574354,0.0029528283465701534,0.0,0.5000053199812238,0
-0.0021870266382340215,0.0,0.9999976084543821,0.0,1.0,0.0,-0.9999976084543821,0.0,-0.0021870266382340215,0.0031202127208914687,0.0,0.500005438512809,0
-0.0023085287177094806,0.0,0.9999973353440296,0.0,1.0,0.0,-0.9999973353440296,0.0,-0.0023085287177094806,0.0032935592950090868,0.0,0.5000055405666455,0
-0.002434270259928118,0.0,0.9999970371597616,0.0,1.0,0.0,-0.9999970371597616,0.0,-0.002434270259928118,0.003472954358082573,0.0,0.5000056240041838,0
-0.0025643110964624614,0.0,0.9999967121488953,0.0,1.0,0.0,-0.9999967121488953,0.0,-0.0025643110964624614,0.003658483278147006,0.0,0.5000056865670209,0
-0.0026987104148734225,0.0,0.9999963584744179,0.0,1.0,0.0,-0.9999963584744179,0.0,-0.0026987104148734225,0.0038502305047755673,0.0,0.5000057258738357,0
-0.0028375267605675156,0.0,0.999995974212838,0.0,1.0,0.0,-0.999995974212838,0.0,-0.0028375267605675156,0.004048279571737901,0.0,0.50000573941733,0
-0.002980818038650936,0.0,0.9999955573520417,0.0,1.0,0.0,-0.9999955573520417,0.0,-0.002980818038650936,0.004252713099653983,0.0,0.5000057245611778,0
-0.00312864151578046,0.0,0.9999951057891562,0.0,1.0,0.0,-0.9999951057891562,0.0,-0.00312864151578046,0.004463612798643424,0.0,0.5000056785369853,0
-0.003281053822011029,0.0,0.999994617328422,0.0,1.0,0.0,-0.999994617328422,0.0,-0.003281053822011029,0.004681059470969998,0.0,0.500005598441262,0
-0.003438110952639909,0.0,0.9999940896790728,0.0,1.0,0.0,-0.9999940896790728,0.0,-0.003438110952639909,0.0049051330136812695,0.0,0.5000054812324035,0
-0.003599868270047319,0.0,0.9999935204532269,0.0,1.0,0.0,-0.9999935204532269,0.0,-0.003599868270047319,0.005135912421243122,0.0,0.500005323727691,0
-0.0037663805055334265,0.0,0.9999929071637896,0.0,1.0,0.0,-0.9999929071637896,0.0,-0.0037663805055334265,0.005373475788169068,0.0,0.5000051226003058,0
-0.003937701761151571,0.0,0.9999922472223673,0.0,1.0,0.0,-0.9999922472223673,0.0,-0.003937701761151571,0.005617900311644122,0.0,0.500004874376361,0
-0.004113885511537655,0.0,0.9999915379371958,0.0,1.0,0.0,-0.9999915379371958,0.0,-0.004113885511537655,0.00586926229414316,0.0,0.5000045754319528,0
-0.004294984605735558,0.0,0.9999907765110819,0.0,1.0,0.0,-0.9999907765110819,0.0,-0.004294984605735558,0.006127637146043534,0.0,0.5000042219902321,0
-0.004481051269018449,0.0,0.9999899600393618,0.0,1.0,0.0,-0.9999899600393618,0.0,-0.004481051269018449,0.006393099388231792,0.0,0.5000038101184981,0
-0.004672137104705966,0.0,0.9999890855078744,0.0,1.0,0.0,-0.9999890855078744,0.0,-0.004672137104705966,0.006665722654704418,0.0,0.5000033357253149,0
-0.004868293095977032,0.0,0.9999881497909521,0.0,1.0,0.0,-0.9999881497909521,0.0,-0.004868293095977032,0.006945579695162278,0.0,0.5000027945576522,0
-0.0050695696076783515,0.0,0.9999871496494307,0.0,1.0,0.0,-0.9999871496494307,0.0,-0.0050695696076783515,0.007232742377598845,0.0,0.5000021821980528,0
-0.005276016388128323,0.0,0.999986081728677,0.0,1.0,0.0,-0.999986081728677,0.0,-0.005276016388128323,0.00752728169088179,0.0,0.5000014940618269,0
-0.005487682570916409,0.0,0.9999849425566372,0.0,1.0,0.0,-0.9999849425566372,0.0,-0.005487682570916409,0.007829267747328034,0.0,0.5000007253942742,0
-0.005704616676697742,0.0,0.9999837285419058,0.0,1.0,0.0,-0.9999837285419058,0.0,-0.005704616676697742,0.008138769785271874,0.0,0.4999998712679366,0
-0.00592686661498294,0.0,0.9999824359718166,0.0,1.0,0.0,-0.9999824359718166,0.0,-0.00592686661498294,0.008455856171626249,0.0,0.4999989265798817,0
-0.006154479685922999,0.0,0.9999810610105552,0.0,1.0,0.0,-0.9999810610105552,0.0,-0.006154479685922999,0.008780594404436843,0.0,0.4999978860490169,0
-0.006387502582089171,0.0,0.9999795996972958,0.0,1.0,0.0,-0.9999795996972958,0.0,-0.006387502582089171,0.009113051115428953,0.0,0.49999674421343904,0
-0.006625981390247707,0.0,0.9999780479443616,0.0,1.0,0.0,-0.9999780479443616,0.0,-0.006625981390247707,0.009453292072546946,0.0,0.4999954954278165,0
-0.0068699615931294145,0.0,0.9999764015354107,0.0,1.0,0.0,-0.9999764015354107,0.0,-0.0068699615931294145,0.009801382182486204,0.0,0.49999413386080815,0
-0.0071194880711938895,0.0,0.999974656123646,0.0,1.0,0.0,-0.999974656123646,0.0,-0.0071194880711938895,0.010157385493217368,0.0,0.4999926534925173,0
-0.00737460510438836,0.0,0.9999728072300538,0.0,1.0,0.0,-0.9999728072300538,0.0,-0.00737460510438836,0.010521365196502793,0.0,0.4999910481119849,0
-0.0076353563739010215,0.0,0.9999708502416675,0.0,1.0,0.0,-0.9999708502416675,0.0,-0.0076353563739010215,0.01089338363040503,0.0,0.49998931131472035,0
-0.00790178496390879,0.0,0.9999687804098607,0.0,1.0,0.0,-0.9999687804098607,0.0,-0.00790178496390879,0.011273502281787244,0.0,0.49998743650027244,0
-0.008173933363319433,0.0,0.9999665928486672,0.0,1.0,0.0,-0.9999665928486672,0.0,-0.008173933363319433,0.011661781788805463,0.0,0.49998541686984044,0
-0.008451843467507877,0.0,0.9999642825331316,0.0,1.0,0.0,-0.9999642825331316,0.0,-0.008451843467507877,0.01205828194339245,0.0,0.4999832454239277,0
-0.008735556580046723,0.0,0.9999618442976896,0.0,1.0,0.0,-0.9999618442976896,0.0,-0.008735556580046723,0.012463061693733138,0.0,0.4999809149600372,0
-0.009025113414430868,0.0,0.9999592728345773,0.0,1.0,0.0,-0.9999592728345773,0.0,-0.009025113414430868,0.012876179146731585,0.0,0.49997841807041005,0
-0.009320554095796064,0.0,0.9999565626922738,0.0,1.0,0.0,-0.9999565626922738,0.0,-0.009320554095796064,0.0132976915704691,0.0,0.49997574713981013,0
-0.009621918162631497,0.0,0.9999537082739739,0.0,1.0,0.0,-0.9999537082739739,0.0,-0.009621918162631497,0.013727655396653757,0.0,0.4999728943433516,0
-0.009929244568486139,0.0,0.9999507038360937,0.0,1.0,0.0,-0.9999507038360937,0.0,-0.009929244568486139,0.014166126223060852,0.0,0.49996985164437474,0
-0.01024257168366898,0.0,0.9999475434868096,0.0,1.0,0.0,-0.9999475434868096,0.0,-0.01024257168366898,0.014613158815964549,0.0,0.49996661079236726,0
-0.010561937296942929,0.0,0.9999442211846296,0.0,1.0,0.0,-0.9999442211846296,0.0,-0.010561937296942929,0.015068807112560288,0.0,0.49996316332093393,0
-0.010887378617212376,0.0,0.999940730737,0.0,1.0,0.0,-0.999940730737,0.0,-0.010887378617212376,0.015533124223378082,0.0,0.499959500545815,0
-0.0112189322752044,0.0,0.9999370657989454,0.0,1.0,0.0,-0.9999370657989454,0.0,-0.0112189322752044,0.01600616243468655,0.0,0.4999556135629528,0
-0.011556634325143502,0.0,0.9999332198717447,0.0,1.0,0.0,-0.9999332198717447,0.0,-0.011556634325143502,0.01648797321088762,0.0,0.4999514932466096,0
-0.011900520246419799,0.0,0.9999291863016423,0.0,1.0,0.0,-0.9999291863016423,0.0,-0.011900520246419799,0.016978607196901717,0.0,0.49994713024753573,0
-0.012250624945250716,0.0,0.9999249582785954,0.0,1.0,0.0,-0.9999249582785954,0.0,-0.012250624945250716,0.017478114220543555,0.0,0.49994251499118897,0
-0.012606982756336038,0.0,0.9999205288350577,0.0,1.0,0.0,-0.9999205288350577,0.0,-0.012606982756336038,0.017986543294888305,0.0,0.49993763767600613,0
-0.012969627444506316,0.0,0.9999158908448004,0.0,1.0,0.0,-0.9999158908448004,0.0,-0.012969627444506316,0.01850394262062811,0.0,0.49993248827172754,0
-0.013338592206364613,0.0,0.9999110370217704,0.0,1.0,0.0,-0.9999110370217704,0.0,-0.013338592206364613,0.019030359588418987,0.0,0.49992705651777475,0
-0.013713909671921504,0.0,0.9999059599189868,0.0,1.0,0.0,-0.9999059599189868,0.0,-0.013713909671921504,0.019565840781217914,0.0,0.49992133192168253,0
-0.014095611906223283,0.0,0.9999006519274748,0.0,1.0,0.0,-0.9999006519274748,0.0,-0.014095611906223283,0.020110431976610072,0.0,0.4999153037575851,0
-0.014483730410973478,0.0,0.9998951052752395,0.0,1.0,0.0,-0.9998951052752395,0.0,-0.014483730410973478,0.020664178149126432,0.0,0.4999089610647579,0
-0.014878296126147491,0.0,0.9998893120262776,0.0,1.0,0.0,-0.9998893120262776,0.0,-0.014878296126147491,0.021227123472551287,0.0,0.4999022926462147,0
-0.015279339431600376,0.0,0.9998832640796295,0.0,1.0,0.0,-0.9998832640796295,0.0,-0.015279339431600376,0.021799311322219933,0.0,0.49989528706736125,0
-0.01568689014866783,0.0,0.9998769531684705,0.0,1.0,0.0,-0.9998769531684705,0.0,-0.01568689014866783,0.022380784277306436,0.0,0.4998879326547058,0
-0.016100977541760358,0.0,0.9998703708592428,0.0,1.0,0.0,-0.9998703708592428,0.0,-0.016100977541760358,0.022971584123101532,0.0,0.4998802174946267,0
-0.016521630319950444,0.0,0.9998635085508276,0.0,1.0,0.0,-0.9998635085508276,0.0,-0.016521630319950444,0.02357175185328035,0.0,0.4998721294321975,0
-0.016948876638552927,0.0,0.9998563574737579,0.0,1.0,0.0,-0.9998563574737579,0.0,-0.016948876638552927,0.024181327672160323,0.0,0.4998636560700709,0
-0.017382744100698486,0.0,0.9998489086894727,0.0,1.0,0.0,-0.9998489086894727,0.0,-0.017382744100698486,0.024800350996949074,0.0,0.49985478476742073,0
-0.017823259758900326,0.0,0.999841153089613,0.0,1.0,0.0,-0.999841153089613,0.0,-0.017823259758900326,0.025428860459982435,0.0,0.4998455026389437,0
-0.018270450116613785,0.0,0.9998330813953579,0.0,1.0,0.0,-0.9998330813953579,0.0,-0.018270450116613785,0.026066893910952193,0.0,0.49983579655391913,0
-0.018724341129789338,0.0,0.9998246841568053,0.0,1.0,0.0,-0.9998246841568053,0.0,-0.018724341129789338,0.02671448841912426,0.0,0.49982565313533095,0
-0.019184958208418625,0.0,0.9998159517523919,0.0,1.0,0.0,-0.9998159517523919,0.0,-0.019184958208418625,0.02737168027554673,0.0,0.49981505875904725,0
-0.019652326218073658,0.0,0.9998068743883582,0.0,1.0,0.0,-0.9998068743883582,0.0,-0.019652326218073658,0.028038504995247963,0.0,0.4998039995530623,0
-0.0201264694814393,0.0,0.9997974420982546,0.0,1.0,0.0,-0.9997974420982546,0.0,-0.0201264694814393,0.028714997319425024,0.0,0.499792461396799,0
-0.02060741177983893,0.0,0.9997876447424904,0.0,1.0,0.0,-0.9997876447424904,0.0,-0.02060741177983893,0.02940119121762208,0.0,0.4997804299204712,0
-0.021095176354753335,0.0,0.9997774720079273,0.0,1.0,0.0,-0.9997774720079273,0.0,-0.021095176354753335,0.030097119889899094,0.0,0.49976789050451004,0
-0.021589785909333095,0.0,0.9997669134075148,0.0,1.0,0.0,-0.9997669134075148,0.0,-0.021589785909333095,0.03080281576899096,0.0,0.4997548282790495,0
-0.02209126260990405,0.0,0.9997559582799695,0.0,1.0,0.0,-0.9997559582799695,0.0,-0.02209126260990405,0.031518310522456634,0.0,0.49974122812347577,0
-0.022599628087466392,0.0,0.9997445957894987,0.0,1.0,0.0,-0.9997445957894987,0.0,-0.022599628087466392,0.032243635054819024,0.0,0.49972707466603783,0
-0.023114903439187054,0.0,0.9997328149255665,0.0,1.0,0.0,-0.9997328149255665,0.0,-0.023114903439187054,0.03297881950969504,0.0,0.4997123522835211,0
-0.02363710922988571,0.0,0.9997206045027053,0.0,1.0,0.0,-0.9997206045027053,0.0,-0.02363710922988571,0.033723893271916515,0.0,0.4996970451009833,0
-0.02416626549351431,0.0,0.9997079531603702,0.0,1.0,0.0,-0.9997079531603702,0.0,-0.02416626549351431,0.0344788849696415,0.0,0.49968113699155375,0
-0.024702391734630142,0.0,0.9996948493628388,0.0,1.0,0.0,-0.9996948493628388,0.0,-0.024702391734630142,0.03524382247645641,0.0,0.49966461157629555,0
-0.025245506929862726,0.0,0.9996812813991539,0.0,1.0,0.0,-0.9996812813991539,0.0,-0.025245506929862726,0.03601873291346892,0.0,0.49964745222413026,0
-0.025795629529374538,0.0,0.999667237383112,0.0,1.0,0.0,-0.999667237383112,0.0,-0.025795629529374538,0.03680364265139211,0.0,0.4996296420518273,0
-0.026352777458315303,0.0,0.9996527052532957,0.0,1.0,0.0,-0.9996527052532957,0.0,-0.026352777458315303,0.0375985773126191,0.0,0.49961116392405586,0
-0.02691696811827054,0.0,0.9996376727731503,0.0,1.0,0.0,-0.9996376727731503,0.0,-0.02691696811827054,0.03840356177328937,0.0,0.4995920004535002,0
-0.027488218388703904,0.0,0.9996221275311061,0.0,1.0,0.0,-0.9996221275311061,0.0,-0.027488218388703904,0.039218620165346066,0.0,0.49957213400104045,0
-0.028066544628393853,0.0,0.9996060569407442,0.0,1.0,0.0,-0.9996060569407442,0.0,-0.028066544628393853,0.040043775878584945,0.0,0.4995515466759937,0
-0.028651962676864325,0.0,0.9995894482410084,0.0,1.0,0.0,-0.9995894482410084,0.0,-0.028651962676864325,0.04087905156269472,0.0,0.4995302203364236,0
-0.029244487855809836,0.0,0.9995722884964605,0.0,1.0,0.0,-0.9995722884964605,0.0,-0.029244487855809836,0.04172446912928912,0.0,0.4995081365895093,0
-0.02984413497051501,0.0,0.999554564597582,0.0,1.0,0.0,-0.999554564597582,0.0,-0.02984413497051501,0.04258004975393098,0.0,0.499485276791982,0
-0.03045091831126854,0.0,0.9995362632611188,0.0,1.0,0.0,-0.9995362632611188,0.0,-0.03045091831126854,0.04344581387814801,0.0,0.49946162205062267,0
-0.031064851654771977,0.0,0.9995173710304724,0.0,1.0,0.0,-0.9995173710304724,0.0,-0.031064851654771977,0.044321781211441244,0.0,0.49943715322282545,0
-0.03168594826554314,0.0,0.9994978742761353,0.0,1.0,0.0,-0.9994978742761353,0.0,-0.03168594826554314,0.0452079707332854,0.0,0.49941185091722456,0
-0.03231422089731439,0.0,0.9994777591961712,0.0,1.0,0.0,-0.9994777591961712,0.0,-0.03231422089731439,0.04610440069512189,0.0,0.49938569549438544,0
-0.03294968179442601,0.0,0.9994570118167394,0.0,1.0,0.0,-0.9994570118167394,0.0,-0.03294968179442601,0.047011088622344634,0.0,0.4993586670675582,0
-0.03359234269321487,0.0,0.9994356179926657,0.0,1.0,0.0,-0.9994356179926657,0.0,-0.03359234269321487,0.04792805131627886,0.0,0.49933074550349793,0
-0.034242214823398,0.0,0.999413563408056,0.0,1.0,0.0,-0.999413563408056,0.0,-0.034242214823398,0.048855304856152616,0.0,0.4993019104233455,0
-0.034899308909451934,0.0,0.9993908335769558,0.0,1.0,0.0,-0.9993908335769558,0.0,-0.034899308909451934,0.049792864601062005,0.0,0.49927214120357416,0
-0.03556363517198752,0.0,0.9993674138440546,0.0,1.0,0.0,-0.9993674138440546,0.0,-0.03556363517198752,0.05074074519192967,0.0,0.49924141697700003,0
-0.036235203329120495,0.0,0.999343289385433,0.0,1.0,0.0,-0.999343289385433,0.0,-0.036235203329120495,0.051698960553457275,0.0,0.4992097166338537,0
-0.036914022597837805,0.0,0.9993184452093569,0.0,1.0,0.0,-0.9993184452093569,0.0,-0.036914022597837805,0.052667523896071496,0.0,0.4991770188229185,0
-0.037600101695360114,0.0,0.9992928661571134,0.0,1.0,0.0,-0.9992928661571134,0.0,-0.037600101695360114,0.053646447717864545,0.0,0.499143301952729,0
-0.03829344884050052,0.0,0.9992665369038933,0.0,1.0,0.0,-0.9992665369038933,0.0,-0.03829344884050052,0.0546357438065291,0.0,0.49910854419283507,0
-0.0389940717550195,0.0,0.9992394419597159,0.0,1.0,0.0,-0.9992394419597159,0.0,-0.0389940717550195,0.055635423241287625,0.0,0.49907272347512716,0
-0.03970197766497655,0.0,0.9992115656703988,0.0,1.0,0.0,-0.9992115656703988,0.0,-0.03970197766497655,0.056645496394816766,0.0,0.49903581749522524,0
-0.04041717330207846,0.0,0.9991828922185716,0.0,1.0,0.0,-0.9991828922185716,0.0,-0.04041717330207846,0.05766597293516687,0.0,0.4989978037139305,0
-0.04113966490502447,0.0,0.999153405624733,0.0,1.0,0.0,-0.999153405624733,0.0,-0.04113966490502447,0.05869686182767682,0.0,0.49895865935873884,0
-0.04186945822084862,0.0,0.9991230897483516,0.0,1.0,0.0,-0.9991230897483516,0.0,-0.04186945822084862,0.05973817133688466,0.0,0.49891836142541707,0
-0.04260655850625921,0.0,0.9990919282890102,0.0,1.0,0.0,-0.9990919282890102,0.0,-0.04260655850625921,0.06078990902843399,0.0,0.49887688667964036,0
-0.04335097052897582,0.0,0.9990599047875938,0.0,1.0,0.0,-0.9990599047875938,0.0,-0.04335097052897582,0.06185208177097663,0.0,0.4988342116586933,0
-0.04410269856906392,0.0,0.9990270026275198,0.0,1.0,0.0,-0.9990270026275198,0.0,-0.04410269856906392,0.06292469573807181,0.0,0.49879031267322976,0
-0.04486174642026741,0.0,0.9989932050360121,0.0,1.0,0.0,-0.9989932050360121,0.0,-0.04486174642026741,0.064007756410082,0.0,0.49874516580909645,0
-0.04562811739133918,0.0,0.9989584950854176,0.0,1.0,0.0,-0.9989584950854176,0.0,-0.04562811739133918,0.06510126857606587,0.0,0.4986987469292161,0
-0.046401814307369796,0.0,0.9989228556945648,0.0,1.0,0.0,-0.9989228556945648,0.0,-0.046401814307369796,0.06620523633566862,0.0,0.4986510316755318,0
-0.047182839511114856,0.0,0.9988862696301658,0.0,1.0,0.0,-0.9988862696301658,0.0,-0.047182839511114856,0.06731966310100977,0.0,0.4986019954710117,0
-0.04797119486432098,0.0,0.9988487195082594,0.0,1.0,0.0,-0.9988487195082594,0.0,-0.04797119486432098,0.06844455159856928,0.0,0.498551613521714,0
-0.048766881749050486,0.0,0.9988101877956963,0.0,1.0,0.0,-0.9988101877956963,0.0,-0.048766881749050486,0.06957990387107128,0.0,0.4984998608189112,0
-0.04956990106900542,0.0,0.9987706568116672,0.0,1.0,0.0,-0.9987706568116672,0.0,-0.04956990106900542,0.07072572127936703,0.0,0.49844671214127473,0
-0.05038025325085088,0.0,0.9987301087292704,0.0,1.0,0.0,-0.9987301087292704,0.0,-0.05038025325085088,0.07188200450431646,0.0,0.49839214205711774,0
-0.05119793824553777,0.0,0.9986885255771221,0.0,1.0,0.0,-0.9986885255771221,0.0,-0.05119793824553777,0.07304875354866872,0.0,0.49833612492669754,0
-0.05202295552962544,0.0,0.9986458892410075,0.0,1.0,0.0,-0.9986458892410075,0.0,-0.05202295552962544,0.07422596773894269,0.0,0.49827863490457636,0
-0.052855304106604425,0.0,0.9986021814655716,0.0,1.0,0.0,-0.9986021814655716,0.0,-0.052855304106604425,0.07541364572730708,0.0,0.49821964594203894,0
-0.05369498250821917,0.0,0.9985573838560516,0.0,1.0,0.0,-0.9985573838560516,0.0,-0.05369498250821917,0.07661178549346072,0.0,0.49815913178957,0
-0.054541988795791516,0.0,0.9985114778800491,0.0,1.0,0.0,-0.9985114778800491,0.0,-0.054541988795791516,0.07782038434651342,0.0,0.4980970659993872,0
-0.05539632056154484,0.0,0.9984644448693416,0.0,1.0,0.0,-0.9984644448693416,0.0,-0.05539632056154484,0.07903943892686784,0.0,0.4980334219280314,0
-0.05625797492992908,0.0,0.9984162660217348,0.0,1.0,0.0,-0.9984162660217348,0.0,-0.05625797492992908,0.08026894520810242,0.0,0.49796817273901495,0
-0.05712694855894704,0.0,0.9983669224029528,0.0,1.0,0.0,-0.9983669224029528,0.0,-0.05712694855894704,0.08150889849885593,0.0,0.49790129140552297,0
-0.05800323764148215,0.0,0.9983163949485683,0.0,1.0,0.0,-0.9983163949485683,0.0,-0.05800323764148215,0.08275929344471397,0.0,0.4978327507131733,0
-0.058886837906628096,0.0,0.9982646644659714,0.0,1.0,0.0,-0.9982646644659714,0.0,-0.058886837906628096,0.08402012403009787,0.0,0.4977625232628304,0
-0.059777744621019965,0.0,0.9982117116363763,0.0,1.0,0.0,-0.9982117116363763,0.0,-0.059777744621019965,0.08529138358015585,0.0,0.49769058147347345,0
-0.06067595259016818,0.0,0.9981575170168663,0.0,1.0,0.0,-0.9981575170168663,0.0,-0.06067595259016818,0.08657306476265782,0.0,0.49761689758511973,0
-0.06158145615979455,0.0,0.9981020610424765,0.0,1.0,0.0,-0.9981020610424765,0.0,-0.06158145615979455,0.08786515958989292,0.0,0.4975414436618013,0
-0.06249424921717114,0.0,0.9980453240283139,0.0,1.0,0.0,-0.9980453240283139,0.0,-0.06249424921717114,0.0891676594205713,0.0,0.49746419159459515,0
-0.06341432519246218,0.0,0.9979872861717151,0.0,1.0,0.0,-0.9979872861717151,0.0,-0.06341432519246218,0.09048055496172976,0.0,0.4973851131047064,0
-0.06434167706006909,0.0,0.997927927554439,0.0,1.0,0.0,-0.997927927554439,0.0,-0.06434167706006909,0.09180383627064179,0.0,0.4973041797466033,0
-0.06527629733997936,0.0,0.9978672281448984,0.0,1.0,0.0,-0.9978672281448984,0.0,-0.06527629733997936,0.0931374927567331,0.0,0.4972213629112049,0
-0.06621817809911879,0.0,0.9978051678004245,0.0,1.0,0.0,-0.9978051678004245,0.0,-0.06621817809911879,0.09448151318350144,0.0,0.4971366338291189,0
-0.06716731095270807,0.0,0.9977417262695704,0.0,1.0,0.0,-0.9977417262695704,0.0,-0.06716731095270807,0.09583588567044302,0.0,0.49704996357393205,0
-0.06812368706562368,0.0,0.9976768831944464,0.0,1.0,0.0,-0.9976768831944464,0.0,-0.06812368706562368,0.09720059769498428,0.0,0.4969613230655485,0
-0.06908729715376308,0.0,0.997610618113093,0.0,1.0,0.0,-0.997610618113093,0.0,-0.06908729715376308,0.09857563609442029,0.0,0.49687068307358034,0
-0.07005813148541537,0.0,0.9975429104618869,0.0,1.0,0.0,-0.9975429104618869,0.0,-0.07005813148541537,0.09996098706786034,0.0,0.4967780142207853,0
-0.07103617988263637,0.0,0.9974737395779809,0.0,1.0,0.0,-0.9974737395779809,0.0,-0.07103617988263637,0.1013566361781799,0.0,0.4966832869865546,0
-0.07202143172262965,0.0,0.9974030847017782,0.0,1.0,0.0,-0.9974030847017782,0.0,-0.07202143172262965,0.10276256835398101,0.0,0.49658647171044723,0
-0.07301387593913292,0.0,0.9973309249794398,0.0,1.0,0.0,-0.9973309249794398,0.0,-0.07301387593913292,0.1041787678915599,0.0,0.49648753859577366,0
-0.07401350102381075,0.0,0.9972572394654242,0.0,1.0,0.0,-0.9972572394654242,0.0,-0.07401350102381075,0.10560521845688389,0.0,0.4963864577132246,0
-0.07502029502765309,0.0,0.9971820071250603,0.0,1.0,0.0,-0.9971820071250603,0.0,-0.07502029502765309,0.10704190308757601,0.0,0.4962831990045472,0
-0.07603424556238056,0.0,0.997105206837152,0.0,1.0,0.0,-0.997105206837152,0.0,-0.07603424556238056,0.10848880419490958,0.0,0.4961777322862668,0
-0.07705533980185647,0.0,0.9970268173966137,0.0,1.0,0.0,-0.9970268173966137,0.0,-0.07705533980185647,0.10994590356581194,0.0,0.4960700272534532,0
-0.07808356448350605,0.0,0.9969468175171382,0.0,1.0,0.0,-0.9969468175171382,0.0,-0.07808356448350605,0.11141318236487838,0.0,0.49596005348353167,0
-0.07911890590974276,0.0,0.9968651858338946,0.0,1.0,0.0,-0.9968651858338946,0.0,-0.07911890590974276,0.11289062113639635,0.0,0.49584778044013844,0
-0.08016134994940234,0.0,0.9967819009062562,0.0,1.0,0.0,-0.9967819009062562,0.0,-0.08016134994940234,0.11437819980638014,0.0,0.4957331774770184,0
-0.08121088203918507,0.0,0.9966969412205585,0.0,1.0,0.0,-0.9966969412205585,0.0,-0.08121088203918507,0.11587589768461751,0.0,0.4956162138419654,0
-0.08226748718510549,0.0,0.9966102851928875,0.0,1.0,0.0,-0.9966102851928875,0.0,-0.08226748718510549,0.11738369346672653,0.0,0.4954968586808064,0
-0.0833311499639515,0.0,0.9965219111718946,0.0,1.0,0.0,-0.9965219111718946,0.0,-0.0833311499639515,0.11890156523622614,0.0,0.49537508104142314,0
-0.08440185452475128,0.0,0.9964317974416427,0.0,1.0,0.0,-0.9964317974416427,0.0,-0.08440185452475128,0.12042949046661726,0.0,0.49525084987781887,0
-0.08547958459025007,0.0,0.9963399222244778,0.0,1.0,0.0,-0.9963399222244778,0.0,-0.08547958459025007,0.12196744602347799,0.0,0.495124134054221,0
-0.08656432345839551,0.0,0.9962462636839299,0.0,1.0,0.0,-0.9962462636839299,0.0,-0.08656432345839551,0.12351540816657139,0.0,0.49499490234922583,0
-0.08765605400383318,0.0,0.99615079992764,0.0,1.0,0.0,-0.99615079992764,0.0,-0.08765605400383318,0.1250733525519668,0.0,0.49486312345998035,0
-0.08875475867941136,0.0,0.9960535090103139,0.0,1.0,0.0,-0.9960535090103139,0.0,-0.08875475867941136,0.12664125423417502,0.0,0.4947287660064028,0
-0.08986041951769647,0.0,0.9959543689367016,0.0,1.0,0.0,-0.9959543689367016,0.0,-0.08986041951769647,0.12821908766829831,0.0,0.4945917985354394,0
-0.0909730181324987,0.0,0.9958533576646031,0.0,1.0,0.0,-0.9958533576646031,0.0,-0.0909730181324987,0.12980682671219468,0.0,0.4944521895253584,0
-0.09209253572040789,0.0,0.9957504531078987,0.0,1.0,0.0,-0.9957504531078987,0.0,-0.09209253572040789,0.13140444462865697,0.0,0.4943099073900803,0
-0.09321895306234149,0.0,0.995645633139603,0.0,1.0,0.0,-0.995645633139603,0.0,-0.09321895306234149,0.13301191408760873,0.0,0.4941649204835408,0
-0.09435225052510217,0.0,0.9955388755949455,0.0,1.0,0.0,-0.9955388755949455,0.0,-0.09435225052510217,0.13462920716831434,0.0,0.4940171971040923,0
-0.09549240806294809,0.0,0.9954301582744716,0.0,1.0,0.0,-0.9954301582744716,0.0,-0.09549240806294809,0.13625629536160647,0.0,0.49386670549893413,0
-0.09663940521917457,0.0,0.9953194589471684,0.0,1.0,0.0,-0.9953194589471684,0.0,-0.09663940521917457,0.13789314957213,0.0,0.493713413868579,0
-0.0977932211277076,0.0,0.9952067553536136,0.0,1.0,0.0,-0.9952067553536136,0.0,-0.0977932211277076,0.13953974012060286,0.0,0.49355729037135104,0
-0.09895383451470996,0.0,0.9950920252091439,0.0,1.0,0.0,-0.9950920252091439,0.0,-0.09895383451470996,0.1411960367460945,0.0,0.49339830312791405,0
-0.10012122370019953,0.0,0.9949752462070474,0.0,1.0,0.0,-0.9949752462070474,0.0,-0.10012122370019953,0.14286200860832182,0.0,0.4932364202258313,0
-0.1012953665996805,0.0,0.9948563960217758,0.0,1.0,0.0,-0.9948563960217758,0.0,-0.1012953665996805,0.14453762428996345,0.0,0.49307160972415554,0
-0.102476240725788,0.0,0.9947354523121765,0.0,1.0,0.0,-0.9947354523121765,0.0,-0.102476240725788,0.14622285179899303,0.0,0.4929038396580467,0
-0.1036638231899455,0.0,0.9946123927247457,0.0,1.0,0.0,-0.9946123927247457,0.0,-0.1036638231899455,0.1479176585710306,0.0,0.4927330780434194,0
-0.10485809070403594,0.0,0.9944871948968997,0.0,1.0,0.0,-0.9944871948968997,0.0,-0.10485809070403594,0.1496220114717135,0.0,0.49255929288161815,0
-0.10605901958208716,0.0,0.9943598364602657,0.0,1.0,0.0,-0.9943598364602657,0.0,-0.10605901958208716,0.1513358767990878,0.0,0.4923824521641172,0
-0.10726658574197054,0.0,0.9942302950439905,0.0,1.0,0.0,-0.9942302950439905,0.0,-0.10726658574197054,0.1530592202860182,0.0,0.4922025238772494,0
-0.10848076470711497,0.0,0.9940985482780667,0.0,1.0,0.0,-0.9940985482780667,0.0,-0.10848076470711497,0.15479200710261987,0.0,0.4920194760069578,0
-0.10970153160823441,0.0,0.9939645737966759,0.0,1.0,0.0,-0.9939645737966759,0.0,-0.10970153160823441,0.15653420185870967,0.0,0.49183327654357306,0
-0.1109288611850708,0.0,0.9938283492415495,0.0,1.0,0.0,-0.9938283492415495,0.0,-0.1109288611850708,0.15828576860627902,0.0,0.4916438934866142,0
-0.11216272778815208,0.0,0.9936898522653439,0.0,1.0,0.0,-0.9936898522653439,0.0,-0.11216272778815208,0.16004667084198868,0.0,0.49145129484961214,0
-0.11340310538056537,0.0,0.9935490605350319,0.0,1.0,0.0,-0.9935490605350319,0.0,-0.11340310538056537,0.1618168715096843,0.0,0.4912554486649549,0
-0.11464996753974517,0.0,0.9934059517353091,0.0,1.0,0.0,-0.9934059517353091,0.0,-0.11464996753974517,0.16359633300293444,0.0,0.49105632298875457,0
-0.11590328745927836,0.0,0.9932605035720146,0.0,1.0,0.0,-0.9932605035720146,0.0,-0.11590328745927836,0.16538501716759135,0.0,0.49085388590573503,0
-0.11716303795072422,0.0,0.993112693775564,0.0,1.0,0.0,-0.993112693775564,0.0,-0.11716303795072422,0.16718288530437403,0.0,0.49064810553413746,0
-0.11842919144545107,0.0,0.992962500104398,0.0,1.0,0.0,-0.992962500104398,0.0,-0.11842919144545107,0.16898989817147442,0.0,0.4904389500306472,0
-0.11970171999648929,0.0,0.9928099003484414,0.0,1.0,0.0,-0.9928099003484414,0.0,-0.11970171999648929,0.17080601598718717,0.0,0.4902263875953365,0
-0.1209805952804008,0.0,0.9926548723325745,0.0,1.0,0.0,-0.9926548723325745,0.0,-0.1209805952804008,0.17263119843256267,0.0,0.4900103864766248,0
-0.12226578859916583,0.0,0.992497393920117,0.0,1.0,0.0,-0.992497393920117,0.0,-0.12226578859916583,0.1744654046540849,0.0,0.4897909149762567,0
-0.12355727088208582,0.0,0.9923374430163213,0.0,1.0,0.0,-0.9923374430163213,0.0,-0.12355727088208582,0.1763085932663719,0.0,0.4895679414542934,0
-0.12485501268770519,0.0,0.9921749975718764,0.0,1.0,0.0,-0.9921749975718764,0.0,-0.12485501268770519,0.17816072235490377,0.0,0.4893414343341196,0
-0.1261589842057484,0.0,0.9920100355864218,0.0,1.0,0.0,-0.9920100355864218,0.0,-0.1261589842057484,0.18002174947877156,0.0,0.4891113621074643,0
-0.12746915525907654,0.0,0.9918425351120698,0.0,1.0,0.0,-0.9918425351120698,0.0,-0.12746915525907654,0.1818916316734548,0.0,0.48887769333943454,0
-0.12878549530566089,0.0,0.9916724742569372,0.0,1.0,0.0,-0.9916724742569372,0.0,-0.12878549530566089,0.18377032545362265,0.0,0.48864039667356135,0
-0.1301079734405748,0.0,0.9914998311886829,0.0,1.0,0.0,-0.9914998311886829,0.0,-0.1301079734405748,0.18565778681596154,0.0,0.48839944083685516,0
-0.1314365583980032,0.0,0.9913245841380554,0.0,1.0,0.0,-0.9913245841380554,0.0,-0.1314365583980032,0.1875539712420277,0.0,0.488154794644875,0
-0.1327712185532715,0.0,0.9911467114024439,0.0,1.0,0.0,-0.9911467114024439,0.0,-0.1327712185532715,0.18945883370112718,0.0,0.4879064270068034,0
-0.1341119219248921,0.0,0.9909661913494383,0.0,1.0,0.0,-0.9909661913494383,0.0,-0.1341119219248921,0.1913723286532216,0.0,0.48765430693053297,0
-0.13545863617663048,0.0,0.9907830024203924,0.0,1.0,0.0,-0.9907830024203924,0.0,-0.13545863617663048,0.19329441005186102,0.0,0.4873984035277591,0
-0.13681132861958953,0.0,0.9905971231339927,0.0,1.0,0.0,-0.9905971231339927,0.0,-0.13681132861958953,0.19522503134714334,0.0,0.48713868601907934,0
-0.13816996621431296,0.0,0.9904085320898319,0.0,1.0,0.0,-0.9904085320898319,0.0,-0.13816996621431296,0.1971641454887008,0.0,0.4868751237391005,0
-0.13953451557290866,0.0,0.9902172079719852,0.0,1.0,0.0,-0.9902172079719852,0.0,-0.13953451557290866,0.19911170492871474,0.0,0.4866076861415496,0
-0.14090494296119085,0.0,0.9900231295525895,0.0,1.0,0.0,-0.9900231295525895,0.0,-0.14090494296119085,0.20106766162495743,0.0,0.48633634280438864,0
-0.14228121430084137,0.0,0.9898262756954262,0.0,1.0,0.0,-0.9898262756954262,0.0,-0.14228121430084137,0.20303196704386087,0.0,0.48606106343493505,0
-0.14366329517159204,0.0,0.989626625359504,0.0,1.0,0.0,-0.989626625359504,0.0,-0.14366329517159204,0.20500457216361612,0.0,0.48578181787498176,0
-0.14505115081342462,0.0,0.9894241576026437,0.0,1.0,0.0,-0.9894241576026437,0.0,-0.14505115081342462,0.20698542747729703,0.0,0.48549857610592134,0
-0.14644474612879316,0.0,0.9892188515850642,0.0,1.0,0.0,-0.9892188515850642,0.0,-0.14644474612879316,0.20897448299601695,0.0,0.48521130825387,0
-0.14784404568486462,0.0,0.9890106865729671,0.0,1.0,0.0,-0.9890106865729671,0.0,-0.14784404568486462,0.21097168825211016,0.0,0.4849199845947916,0
-0.14924901371578014,0.0,0.9887996419421211,0.0,1.0,0.0,-0.9887996419421211,0.0,-0.14924901371578014,0.21297699230234407,0.0,0.48462457555961996,0
-0.15065961412493709,0.0,0.9885856971814457,0.0,1.0,0.0,-0.9885856971814457,0.0,-0.15065961412493709,0.21499034373116013,0.0,0.48432505173938156,0
-0.15207581048729105,0.0,0.9883688318965919,0.0,1.0,0.0,-0.9883688318965919,0.0,-0.15207581048729105,0.21701169065394385,0.0,0.48402138389031274,0
-0.15349756605167783,0.0,0.9881490258135212,0.0,1.0,0.0,-0.9881490258135212,0.0,-0.15349756605167783,0.2190409807203227,0.0,0.483713542938976,0
-0.15492484374315738,0.0,0.9879262587820805,0.0,1.0,0.0,-0.9879262587820805,0.0,-0.15492484374315738,0.22107816111749617,0.0,0.48340149998736903,0
-0.15635760616537714,0.0,0.9877005107795748,0.0,1.0,0.0,-0.9877005107795748,0.0,-0.15635760616537714,0.22312317857359265,0.0,0.48308522631803147,0
-0.15779581560295683,0.0,0.9874717619143333,0.0,1.0,0.0,-0.9874717619143333,0.0,-0.15779581560295683,0.22517597936105754,0.0,0.48276469339914296,0
-0.15923943402389393,0.0,0.9872399924292724,0.0,1.0,0.0,-0.9872399924292724,0.0,-0.15923943402389393,0.22723650930007072,0.0,0.4824398728896153,0
-0.1606884230819895,0.0,0.9870051827054525,0.0,1.0,0.0,-0.9870051827054525,0.0,-0.1606884230819895,0.229304713761993,0.0,0.4821107366441771,0
-0.1621427441192968,0.0,0.986767313265627,0.0,1.0,0.0,-0.986767313265627,0.0,-0.1621427441192968,0.23138053767284514,0.0,0.4817772567184473,0
-0.16360235816858815,0.0,0.9865263647777879,0.0,1.0,0.0,-0.9865263647777879,0.0,-0.16360235816858815,0.23346392551681291,0.0,0.48143940537400265,0
-0.16506722595584578,0.0,0.9862823180586996,0.0,1.0,0.0,-0.9862823180586996,0.0,-0.16506722595584578,0.2355548213397866,0.0,0.4810971550834309,0
-0.16653730790277174,0.0,0.9860351540774281,0.0,1.0,0.0,-0.9860351540774281,0.0,-0.16653730790277174,0.23765316875292755,0.0,0.4807504785353746,0
-0.16801256412931986,0.0,0.9857848539588602,0.0,1.0,0.0,-0.9857848539588602,0.0,-0.16801256412931986,0.23975891093626606,0.0,0.48039934863956274,0
-0.16949295445624932,0.0,0.9855313989872123,0.0,1.0,0.0,-0.9855313989872123,0.0,-0.16949295445624932,0.24187199064233045,0.0,0.48004373853182747,0
-0.17097843840769875,0.0,0.9852747706095314,0.0,1.0,0.0,-0.9852747706095314,0.0,-0.17097843840769875,0.24399235019980547,0.0,0.47968362157910843,0
-0.1724689752137816,0.0,0.985014950439184,0.0,1.0,0.0,-0.985014950439184,0.0,-0.1724689752137816,0.24611993151722078,0.0,0.4793189713844415,0
-0.1739645238132037,0.0,0.9847519202593338,0.0,1.0,0.0,-0.9847519202593338,0.0,-0.1739645238132037,0.24825467608667126,0.0,0.4789497617919309,0
-0.17546504285590117,0.0,0.984485662026409,0.0,1.0,0.0,-0.984485662026409,0.0,-0.17546504285590117,0.2503965249875666,0.0,0.47857596689170634,0
-0.17697049070570034,0.0,0.9842161578735555,0.0,1.0,0.0,-0.9842161578735555,0.0,-0.17697049070570034,0.2525454188904122,0.0,0.4781975610248607,0
-0.1784808254429986,0.0,0.9839433901140786,0.0,1.0,0.0,-0.9839433901140786,0.0,-0.1784808254429986,0.2547012980606199,0.0,0.47781451878837083,0
